90001
90002
90003
90004
90005
90006
90007
90008
90011
90012
90013
90014
90015
90016
90017
90018
90019
90020
90022
90023
90024
90025
90026
90027
90028
90029
90031
90032
90033
90034
90035
90036
90037
90038
90039
90040
90041
90042
90043
90044
90045
90046
90047
90048
90049
90057
90062
90063
90064
90065
90066
90069
90094
90201
90211
90212
90220
90221
90222
90230
90232
90241
90242
90245
90247
90250
90254
90255
90260
90262
90270
90277
90278
90280
90292
90301
90303
90304
90403
90404
90405
90501
90503
90504
90505
90602
90604
90606
90620
90621
90631
90638
90640
90650
90680
90701
90703
90706
90710
90712
90715
90717
90720
90723
90731
90740
90744
90755
90802
90803
90804
90805
90806
90807
90808
90813
90814
91001
91006
91016
91101
91103
91104
91105
91106
91201
91202
91203
91204
91205
91206
91207
91208
91214
91301
91303
91304
91306
91311
91316
91320
91321
91324
91325
91326
91331
91335
91340
91342
91343
91344
91350
91352
91354
91355
91356
91360
91362
91367
91384
91387
91401
91402
91403
91405
91406
91411
91423
91501
91502
91504
91505
91506
91601
91604
91605
91606
91607
91702
91706
91709
91710
91722
91730
91731
91732
91733
91739
91740
91744
91745
91748
91750
91754
91755
91761
91762
91763
91764
91765
91766
91767
91768
91770
91773
91775
91784
91786
91790
91791
91792
91801
91803
91901
91910
91911
91913
91915
91932
91941
91942
91945
91950
91977
92008
92010
92019
92020
92021
92024
92025
92026
92027
92028
92029
92037
92040
92054
92056
92057
92058
92064
92065
92069
92071
92075
92078
92081
92082
92083
92084
92101
92102
92103
92104
92105
92106
92107
92108
92109
92110
92111
92113
92114
92115
92116
92117
92118
92119
92120
92122
92123
92124
92126
92128
92129
92130
92131
92139
92154
92173
92201
92211
92220
92223
92225
92234
92240
92243
92251
92252
92253
92260
92262
92264
92274
92277
92284
92301
92307
92308
92310
92311
92313
92324
92335
92336
92337
92344
92345
92346
92354
92359
92373
92374
92376
92377
92392
92399
92404
92405
92407
92408
92410
92411
92501
92503
92505
92506
92507
92509
92530
92532
92543
92544
92545
92551
92553
92555
92557
92562
92563
92567
92570
92571
92582
92583
92584
92586
92587
92591
92592
92595
92603
92612
92617
92626
92627
92629
92630
92646
92647
92648
92649
92651
92653
92656
92660
92672
92673
92675
92677
92679
92683
92688
92691
92692
92701
92703
92704
92705
92706
92707
92708
92780
92801
92802
92804
92805
92806
92807
92808
92821
92831
92832
92833
92835
92840
92841
92843
92844
92866
92867
92868
92870
92879
92880
92882
92887
93001
93003
93010
93013
93021
93030
93033
93035
93036
93041
93060
93063
93065
93101
93103
93105
93108
93109
93111
93117
93203
93210
93215
93221
93223
93230
93241
93245
93247
93250
93257
93268
93274
93277
93280
93286
93291
93292
93301
93304
93305
93306
93307
93308
93309
93311
93312
93314
93401
93405
93422
93433
93436
93442
93446
93454
93455
93458
93505
93514
93534
93546
93550
93551
93552
93555
93561
93610
93611
93612
93618
93619
93622
93625
93630
93631
93635
93637
93638
93640
93644
93647
93648
93654
93657
93662
93701
93702
93703
93705
93706
93710
93711
93720
93722
93725
93726
93727
93728
93901
93905
93906
93907
93908
93927
93930
93933
93940
93955
93960
94010
94014
94015
94025
94041
94043
94044
94061
94063
94065
94066
94070
94080
94085
94086
94087
94089
94102
94103
94107
94108
94109
94110
94112
94114
94115
94116
94117
94118
94121
94122
94123
94127
94132
94133
94134
94158
94303
94305
94306
94401
94403
94501
94503
94509
94510
94513
94520
94521
94530
94531
94533
94534
94536
94538
94539
94541
94542
94544
94545
94546
94550
94551
94553
94556
94558
94559
94560
94564
94565
94566
94568
94577
94578
94583
94587
94588
94589
94590
94591
94597
94598
94601
94605
94606
94607
94608
94609
94610
94611
94612
94619
94621
94702
94703
94704
94705
94706
94709
94801
94803
94804
94806
94901
94903
94928
94949
94952
94954
94965
95008
95020
95023
95035
95037
95050
95051
95060
95062
95065
95076
95110
95111
95112
95116
95117
95118
95121
95122
95123
95125
95126
95127
95128
95130
95131
95133
95134
95136
95148
95203
95205
95206
95207
95210
95212
95219
95240
95252
95301
95304
95307
95326
95336
95337
95338
95340
95341
95350
95351
95354
95355
95356
95358
95361
95366
95367
95368
95370
95376
95380
95382
95388
95401
95403
95404
95405
95407
95409
95422
95437
95476
95482
95490
95492
95501
95503
95519
95521
95531
95540
95602
95603
95605
95608
95610
95616
95618
95620
95621
95624
95628
95630
95632
95648
95650
95660
95661
95662
95667
95670
95673
95677
95678
95682
95687
95688
95691
95695
95713
95747
95757
95758
95762
95765
95776
95814
95816
95817
95818
95819
95820
95821
95822
95823
95824
95825
95826
95827
95829
95831
95833
95834
95835
95838
95841
95842
95843
95864
95901
95926
95928
95945
95949
95953
95954
95959
95961
95965
95966
95973
95988
95991
95993
96001
96002
96003
96007
96021
96080
96097
96130
96150
96161
